0.833, 1.03586, -0.197088, -5.98462
0.951676, 1.03207, -0.0804421, -6.00225
1.15287, 1.02422, 0.117634, -6.03132
1.49131, 0.8806, 0.469571, -6.08295
1.92251, 0.753522, 1.27535, -3.65713
2.11469, 0.684234, 1.49452, -3.54248
2.14204, 0.673712, 1.52465, -3.53406
2.3017, 0.608903, 1.6983, -3.50351
2.30573, 0.607192, 1.70262, -3.50321
2.32054, 0.600869, 1.71852, -3.50208
2.38531, 0.572605, 1.78727, -3.50329
2.77977, 0.378238, 2.20134, -3.56404
2.82968, 0.350778, 2.25414, -3.57178
3.26438, 0.245516, 2.69479, -3.63642
3.43765, 0.220096, 2.8678, -3.66372
3.49728, 0.211349, 2.92729, -3.6734
3.5982, 0.196544, 3.02797, -3.68979
3.634, 0.191291, 3.06369, -3.6956
3.6533, 0.18846, 3.08295, -3.69874
4.10439, 0.122287, 3.533, -3.772
4.77552, 0.0544084, 4.1982, -3.88027
4.95232, 0.659606, 4.28415, -3.89426
4.96458, 0.657617, 4.29641, -3.89626
5.06581, 0.640997, 4.39766, -3.91274
5.19962, 0.618481, 4.53157, -3.93454
5.5308, 0.560073, 4.8634, -3.98855
6.19306, 0.431734, 5.5286, -4.09682
6.32718, 0.528616, 5.64571, -4.11589
6.57841, 0.491764, 5.89636, -4.15669
6.87654, 0.448032, 6.1938, -4.2051
7.55338, 0.419127, 6.81693, -4.60012
8.34429, 1.90323, 7.39893, -4.53981
8.44995, 1.88772, 7.50504, -4.55223
8.90075, 1.82159, 7.95584, -4.61837
9.11669, 1.78991, 8.17178, -4.65005
9.78342, 1.69207, 8.83797, -4.75152
10.4501, 1.59423, 9.50379, -4.85563
11.1176, 1.49627, 10.6686, -1.56182
11.7843, 1.3984, 11.3353, -1.6597
11.8207, 1.39306, 11.3717, -1.66504
11.8382, 1.39048, 11.3892, -1.66761
11.9284, 1.37725, 11.4794, -1.68085
12.451, 1.3005, 12.002, -1.7576
12.9001, 1.23456, 12.4511, -1.82354
13.1185, 1.20249, 12.6692, -1.85556
13.7852, 1.10455, 13.3359, -1.95351
14.4519, 1.00658, 14.0026, -2.05147
15.1063, 0.910409, 14.6567, -2.1476
15.1193, 0.908489, 14.6697, -2.14952
15.786, 0.810456, 14.8888, -5.29214
16.4534, 0.712291, 15.557, -5.38119
17.1208, 0.614098, 16.2248, -5.47223
17.4714, 0.562496, 16.5754, -5.52383
17.7875, 0.515956, 16.8915, -5.57037
18.4549, 0.417674, 17.5465, -5.74859
19.1216, 0.319465, 17.8029, -8.63188
19.789, 0.221089, 18.4695, -8.73013
20.4563, 0.122672, 19.5085, -6.30321
20.6971, 0.0871593, 19.7492, -6.33872
21.1237, 0.02422, 20.1752, -6.40157
21.4425, -0.0228488, 20.4921, -6.46208
21.7904, -0.074195, 20.8371, -6.53211
22.0861, -0.117859, 21.1299, -6.59153
22.4577, -0.172759, 21.4986, -6.6664
22.8303, -0.227809, 21.8676, -6.74134
23.1251, -0.271363, 22.16, -6.80073
23.6232, -0.34502, 22.2991, -9.29758
23.7924, -0.370035, 22.4683, -9.3226
24.4597, -0.468755, 23.1342, -9.42484
25.1263, -0.567409, 23.8001, -9.52852
25.7936, -0.666236, 24.4665, -9.62722
26.4609, -0.765111, 25.1323, -9.73088
27.1282, -0.864024, 25.798, -9.83446
27.7955, -0.963001, 26.4644, -9.93331
28.4621, -1.06192, 27.1303, -10.0369
29.1294, -1.16098, 27.796, -10.1404
29.7967, -1.2601, 28.4624, -10.2394
30.4632, -1.35915, 29.1283, -10.343
31.1305, -1.45834, 29.7941, -10.4464
31.7977, -1.55758, 30.4605, -10.5455
32.4642, -1.65676, 31.1264, -10.649
33.1315, -1.75607, 31.7921, -10.7524
33.798, -1.85531, 32.4586, -10.8516
34.4652, -1.9547, 33.1244, -10.955
35.1318, -2.05399, 33.7903, -11.0584
35.799, -2.15343, 34.4566, -11.1577
36.4655, -2.25279, 35.1226, -11.261
37.132, -2.35216, 35.7885, -11.3644
37.7992, -2.45166, 36.4548, -11.4637
38.4657, -2.55107, 37.1207, -11.567
39.1322, -2.65049, 37.7867, -11.6703
39.7987, -2.74992, 38.4532, -11.7698
40.4652, -2.84936, 39.5842, -8.75523
40.4787, -2.85138, 39.5977, -8.75725
40.4787, -2.85138, 39.5977, -8.75725
41.1317, -2.9488, 40.7304, -5.63867
41.6159, -3.02105, 41.2262, -5.63351
41.7982, -3.04824, 41.4085, -5.66071
41.8226, -3.05189, 41.4329, -5.66436
42.4647, -3.14768, 42.0736, -5.7693
42.9384, -3.21836, 42.543, -5.86938
43.1312, -3.24711, 42.7339, -5.91009
43.2552, -3.26561, 42.8568, -5.93629
43.7977, -3.34654, 43.3942, -6.05087
44.4642, -3.44594, 44.0546, -6.19163
45.13, -3.54523, 43.7818, -12.5883
45.7965, -3.6446, 44.4483, -12.6877
46.463, -3.74395, 45.1143, -12.791
47.1288, -3.84316, 45.7803, -12.8943
47.7953, -3.94246, 46.4469, -12.9936
48.4611, -4.0416, 47.1129, -13.097
49.1269, -4.14071, 47.779, -13.2003
49.6551, -4.2193, 48.7933, -10.0118
49.6899, -4.22448, 48.8281, -10.0169
49.7935, -4.23988, 48.9316, -10.0324
50.1285, -4.2897, 49.2672, -10.0823
50.1422, -4.29174, 49.2809, -10.0843
50.4593, -4.33889, 49.5794, -10.2566
50.7575, -4.38322, 49.4098, -13.4472
50.9548, -4.41255, 49.6073, -13.481
51.1251, -4.43786, 49.7777, -13.5063
51.3508, -4.47139, 50.0034, -13.5398
51.791, -4.53678, 50.4444, -13.6053
52.3396, -4.61821, 50.9933, -13.6907
52.4568, -4.63562, 51.1106, -13.7081
53.1227, -4.73441, 51.777, -13.809
53.7886, -4.83314, 52.4437, -13.9079
54.4545, -4.93178, 53.1104, -14.0075
55.1204, -5.03036, 53.777, -14.1072
55.7863, -5.12888, 54.4438, -14.2058
56.4515, -5.22717, 55.1106, -14.3055
57.1174, -5.3255, 55.7772, -14.4053
57.7826, -5.42366, 56.4441, -14.5037
58.4486, -5.52179, 57.1108, -14.6035
59.1139, -5.61974, 57.7775, -14.7034
59.7799, -5.71771, 58.4444, -14.8015
60.4452, -5.81544, 59.1111, -14.9014
61.1112, -5.91318, 59.7777, -15.0014
61.7765, -6.01074, 60.4448, -15.0993
62.4418, -6.10814, 61.1115, -15.1993
63.1072, -6.20546, 61.7782, -15.2995
63.7733, -6.30279, 62.4447, -15.3999
64.4387, -6.39985, 63.1119, -15.4972
65.1041, -6.49682, 63.7786, -15.5976
65.7695, -6.59371, 64.4452, -15.6981
66.4349, -6.69043, 65.1124, -15.7951
67.1011, -6.78716, 65.7789, -15.8956
67.7666, -6.8837, 66.4456, -15.9963
67.9621, -6.91203, 66.642, -16.0248
68.4321, -6.98009, 67.1128, -16.093
69.0983, -7.07649, 67.7785, -16.1993
69.7638, -7.17271, 68.444, -16.3077
70.0431, -7.21302, 68.7242, -16.3481
70.4294, -7.26879, 69.1113, -16.404
70.6873, -7.30603, 69.3693, -16.4412
71.0956, -7.36489, 69.7767, -16.5123
71.7619, -7.46093, 70.4421, -16.6207
72.4282, -7.55685, 71.1093, -16.7168
72.4922, -7.56607, 71.1742, -16.7261
72.8701, -7.62045, 71.5503, -16.7928
73.0937, -7.65262, 71.7748, -16.8251
73.7608, -7.74853, 72.4403, -16.932
74.4271, -7.84427, 73.1075, -17.0279
75.0934, -7.93997, 73.7731, -17.1346
75.7604, -8.03575, 74.4385, -17.2414
76.4267, -8.1314, 75.1058, -17.3371
76.4586, -8.13597, 75.1376, -17.3417
76.6477, -8.16311, 75.3267, -17.3688
76.8367, -8.19023, 75.5141, -17.4071
77.0256, -8.21736, 75.7031, -17.4342
77.0938, -8.22714, 75.7712, -17.444
77.7608, -8.32287, 76.4359, -17.556
78.4286, -8.41872, 77.1028, -17.6517
78.7377, -8.46309, 77.4092, -17.7148
79.0956, -8.51448, 77.7671, -17.7662
79.7626, -8.61027, 78.4315, -17.8806
80.2407, -8.67894, 78.9086, -17.9491
80.1918, -10.3665, 79.0983, -17.9764
80.8616, -10.447, 79.7631, -18.0867
81.5289, -10.541, 80.4289, -18.1909
82.1964, -10.637, 81.0957, -18.2868
82.8643, -10.7311, 81.7613, -18.391
83.5321, -10.8251, 82.427, -18.4951
84.1997, -10.9213, 83.0938, -18.5913
84.8675, -11.0153, 83.7594, -18.6954
85.5354, -11.1092, 84.4251, -18.7994
86.2029, -11.2056, 85.0919, -18.8957
86.8708, -11.2995, 85.7575, -18.9997
87.5386, -11.3933, 86.4232, -19.1037
88.2061, -11.4899, 87.0899, -19.2002
88.874, -11.5837, 87.7556, -19.3041
89.5419, -11.6774, 88.4212, -19.408
90.2093, -11.7742, 89.0879, -19.5046
90.8772, -11.8679, 89.7536, -19.6085
91.5452, -11.9615, 90.4193, -19.7122
92.2126, -12.0584, 91.086, -19.8091
92.8799, -12.152, 91.7519, -19.9129
93.5479, -12.2455, 92.4175, -20.0166
94.2153, -12.3426, 93.0842, -20.1136
94.8832, -12.4362, 93.7499, -20.2172
95.5506, -12.5296, 94.4158, -20.3209
96.218, -12.6268, 95.0824, -20.418
96.8853, -12.7202, 95.7483, -20.5216
97.5533, -12.8136, 96.414, -20.6252
98.2201, -12.9108, 97.0808, -20.7224
98.8881, -13.0042, 97.7465, -20.8259
99.5555, -13.0975, 98.4124, -20.9295
99.9795, -13.1594, 98.8365, -20.9914
100.179, -13.1885, 99.036, -21.0205
100.222, -13.1948, 99.0793, -21.0268
100.379, -13.214, 99.2346, -21.0555
100.579, -13.2431, 99.4341, -21.0846
100.361, -16.9106, 99.7452, -21.13
100.848, -16.9797, 100.231, -21.2054
101.028, -17.0059, 100.411, -21.2317
101.048, -17.0088, 100.431, -21.2346
101.447, -17.0671, 100.83, -21.2928
101.695, -17.1033, 101.078, -21.329
103.168, -9.46569, 100.278, -29.2558
103.485, -9.51188, 100.595, -29.302
104.152, -9.60925, 101.261, -29.3993
104.818, -9.70662, 101.928, -29.4967
105.485, -9.80399, 102.595, -29.5941
106.152, -9.90136, 103.262, -29.6914
106.819, -9.99872, 103.929, -29.7888
107.485, -10.0959, 104.596, -29.8863
108.151, -10.1933, 105.263, -29.9836
108.818, -10.2906, 105.93, -30.081
109.485, -10.3879, 106.597, -30.1783
110.152, -10.4852, 107.264, -30.2756
110.818, -10.5824, 107.931, -30.373
111.485, -10.6796, 108.598, -30.4703
112.151, -10.7769, 109.265, -30.5675
112.817, -10.874, 109.933, -30.6649
113.484, -10.9712, 110.6, -30.7621